

zone LAVENDER Darrin 330 -1
#row 1 : 1 2 3 4 5 6 7 8X 9 10 11 12L
row 2 : 1 2 3 4 5 6 7 8 9 10 11 12L
row 3 : 1 2 3 4 5 6 7 8 9 10X 11 12L
row 4 : 1 2 3 4 5 6 7 8 9 10 11 12L
row 5 : 1 2 3 4 5 6 7 8 9 10 11 12L
row 6 : 1 2 3 4 5 6 7 8 9 10 11 12L
row 7 : 1 2 3X 4 5 6 7 8 9 10 11X 12L
row 8 : 1 2 3 4 5 6 7 8 9 10 11 12L
row 9 : 1 2 3 4 5 6 7 8 9 10 11 12L
row 10 : 1 2 3 4 5 6 7 8 9 10 11X 12L
row 11 : 1 2 3 4 5 6 7 8 9 10 11 12L
row 12 : 1 2 3 4 5 6 7 8 9 10 11 12L
#row 13 : 1X 2X 3 4 5 6 7 8 9 10L


zone R Eaton 109 1
