zone RED Darrin 308 -1
#row 1 : 1X 2X 3 4 5 6 7 8L
row 2 : 1 2 3 4 5 6 7 8 9L
row 3 : 1 2 3 4 5 6 7 8 9 10L
row 4 : 1 2 3 4 5 6 7 8 9 10 11L
row 5 : 1 2 3 4 5 6 7 8 9 10 11L
row 6 : 1 2 3 4 5 6 7 8 9 10 11L
row 7 : 1 2 3 4 5 6 7 8 9 10 11L
row 8 : 1 2 3 4 5 6 7 8 9 10 11L
row 9 : 1 2 3 4 5 6 7 8 9 10 11L
row 10 : 1 2 3 4 5X 6X 7 8 9 10 11L
row 11 : 1 2 3 4X 5 6 7 8 9 10 11 12L
row 12 : 1 2 3 4 5 6 7 8 9 10 11 12L
row 13 : 1 2 3 4X 5 6 7 8 9 10 11 12L
row 14 : 1 2 3 4 5 6 7 8 9 10 11 12L
row 15 : 1 2 3 4 5 6 7 8 9 10L
#row 16 : 1 2 3X 4 5 6 7X 8 9 10 11 12X 13 14L


zone GREEN Darrin 308 -1
#row 1 : 1X 2X 3 4 5 6X
row 2 : 1 2 3X 4 5 6 7L
row 3 : 1 2 3 4 5 6X 7 8L
row 4 : 1 2 3 4 5 6X 7 8L
row 5 : 1 2 3 4 5 6 7X 8 9L
row 6 : 1 2 3 4 5 6 7 8 9X 10L
row 7 : 1 2 3 4 5 6 7 8 9 10L
row 8 : 1 2 3 4 5 6X 7 8 9 10 11L
row 9 : 1 2 3 4 5 6 7 8 9X 10 11 12L
row 10 : 1 2 3 4 5 6 7 8 9 10 11 12L
row 11 : 1 2 3 4 5 6 7 8 9 10 11 12 13L
row 12 : 1 2 3 4 5 6 7 8 9X 10 11 12 13 14L
row 13 : 1 2X 3X 4 5 6 7 8 9 10 11 12 13 14L
row 14 : 1X 2 3 4 5 6 7 8 9 10 11 12 13 14L


zone BLUE Darrin 308 -1
#row 1 : 1 2 3 4 5 6 7 8XL
row 2 : 1 2 3X 4 5 6 7 8 9L
row 3 : 1 2X 3 4 5 6 7 8 9 10L
row 4 : 1 2 3 4 5 6 7 8 9 10 11L
row 5 : 1 2 3 4 5 6 7 8 9 10 11L
row 6 : 1 2 3 4X 5 6 7 8 9 10 11L
row 7 : 1 2X 3 4 5 6 7 8 9 10 11L
row 8 : 1 2 3 4 5 6 7 8 9 10 11L
row 9 : 1 2 3 4 5 6 7 8 9 10 11L
row 10 : 1 2 3 4 5 6 7 8 9 10 11L
row 11 : 1 2 3 4 5 6 7 8X 9 10 11 12L
row 12 : 1 2 3 4 5 6 7 8 9 10 11 12L
row 13 : 1 2 3 4 5 6 7 8 9 10 11 12L
row 14 : 1 2 3 4 5 6 7 8 9X 10 11 12L
row 15 : 1 2 3 4 5 6 7 8 9 10L
#row 16 : 1 2 3 4 5X 6 7 8 9X 10 11 12 13 14L

zone PINK Darrin 337 -1
row 1 : 1 2 3 4 5 6 7 8 9 10 11 12 13 14 15 16 17 18 19 20 21 22
row 2 : 1 2 3 4 5 6 7 8 9 10 11 12 13 14 15 16 17 18 19 20 21 22 23 24 25 26
row 3 : 1 2 3 4 5 6 7 8 9 10 11 12 13 14 15 16 17 18 19 20 21 22 23 24 25 26 27 28 29 30 31 32
row 4 : 1 2 3 4 5 6 7 8 9 10 11 12 13 14 15 16 17 18 19 20 21 22 23 24 25 26 27X 28 29 30 31 32 33 34 35 36

zone R Darrin 239 5
